
1664
1116

9
423

1110
1950

625
1297

1459
1769

1358
95

1910
1515

1551
1968

20
890

344
1630

222
1388

740
1723

1819
781

290
184

611
233

298
457

1382
1055

1423
1740

1279
1100

279
421

1848
1879

1888
1386

874
898

297
861

1677
1478

881
29

596
425

1381
1807

685
559

1702
3

1654
188

1856
1688

909
1207

767
553

519
95

159
1170

1217
1742

635
1722

1050
1699

1179
1031

1339
1344

818
1022

637
1601

1076
919

1506
566

1883
122

1758
173

1925
516

1979
1219

1116
197

1187
112

1603
1051

191
714

940
1264

653
1938

298
1019

1846
614

1133
1258

1659
1408

907
631

1003
181

1597
233

775
1393

93
449

1490
326

201
1845

1096
1925

280
1408

1438
780

1819
1228

436
665

1514
466

1276
1685

1336
1272

1534
1073

1296
905

1085
742

152
1440

1224
627

1803
1511

346
1152

1552
1263

1974
607

224
168

423
548

1403
1408

89
1233

1895
825

381
709

627
369

1303
880

1432
1018

1581
85

1317
1293

336
1492

282
521

1161
1044

1656
1722

129
288

258
762

966
1759

1063
744

1034
1998

223
1194

1999
68

1999
1839

1824
992

855
1560

385
846

1551
48

595
1694

1244
1022

349
408

586
865

975
1159

235
1263

721
438

1595
358

429
117

1610
1026

542
269

414
1604

1052
1018

855
315

1684
1544

1699
1603

1183
1862

1213
710

1802
1410

1489
1454

1140
1301

171
1969

1620
238

1086
537

58
1796

804
34

1603
618

1281
1569

108
1376

91
502

388
1579

453
347

1597
1466

205
479

256
358

1553
340

1468
1159

934
1906

1881
1037

1220
1344

911
677

1478
1798

1717
154

1770
1358

377
1461

239
210

625
1611

1342
873

743
465

467
1537

1859
491

1697
787

141
1060

874
796

1328
764

1305
750

1763
1676

161
519

495
1010

818
1323

6
1945

1035
656

651
1429

661
1954

916
670

1667
1109

1547
1813

1499
479

1015
495

1722
90

1822
803

330
1309

468
961

645
1211

849
1131

802
817

1792
787

1063
1177

811
149

325
426

391
1191

315
126

1334
955

1478
1618

1692
1511

1731
1525

944
721

1884
716

609
939

1900
1009
