
1923
638

1414
751

237
538

661
1552

1951
33

454
1394

1343
583

1963
828

1460
146

11
519

1087
1245

799
1426

1981
337

1362
1587

256
1102

228
1777

706
972

674
90

1544
930

1343
879

609
1845

1358
1245

1813
471

1574
697

1046
521

365
777

1996
704

904
682

910
1685

1118
1385

487
1112

611
411

943
157

1742
1994

1734
1038

347
1383

340
165

1414
344

1017
131

1503
793

1417
752

653
1238

1228
287

201
143

425
1715

1244
979

1494
940

495
4

1583
527

437
1581

1170
144

1856
1342

19
1561

1659
672

1649
1603

252
1175

205
1931

971
813

1582
1813

900
926

1922
1806

236
1094

414
799

627
1862

213
409

1121
778

857
1231

1320
1137

184
1549

725
548

234
1370

1988
133

1927
1165

1274
1348

744
447

1871
1430

1554
571

1942
1729

1316
881

1935
1828

1076
23

125
1976

441
606

871
219

1799
1137

944
1643

922
577

1779
1780

1349
1081

98
279

193
1787

577
455

564
1766

792
490

1288
1044

1481
1854

861
60

1694
391

1457
1400

1753
1731

1595
1665

1590
1271

442
54

1895
1832

1264
337

1172
1555

592
1840

846
1651

147
1563

1318
267

255
190

925
1139

1980
901

1457
736

800
1921

179
796

281
219

222
1176

1884
1824

55
806

1189
951

1483
938

1944
1688

1786
1067

436
897

1948
1841

1273
1663

389
1766

1976
916

54
1003

1694
719

74
45

1801
1147

263
481

568
669

307
630

351
1457

1996
137

1673
1476

1021
477

841
1476

13
119

1193
1857

598
361

1623
1739

1311
948

1769
491

1847
1901

1606
1695

1638
308

1097
1039

1292
1400

1346
630

1767
1253

847
11

683
105

785
1619

1132
191

1651
206

1685
1778

1027
173

1029
728

1799
1398

1965
1639

1028
204

1053
332

1873
514

472
1490

549
1719

192
824

1169
1837

408
950

1857
681

1170
965

1537
1927

820
474

735
995

746
1027

1356
1335

1075
933

1376
526

977
1606

1000
1889

1355
1022

1609
1163

439
1154

218
1262

1465
67

1999
689

441
52

1979
340

851
1767

341
1149

947
977

428
236

1212
856

832
972

709
314

1952
914

1545
411
